0 3.34203 45
1 3.34203 135
2 3.34203 225
3 3.34203 315
4 6.68691 22.5
5 6.68691 67.5
6 6.68691 112.5
7 6.68691 157.5
8 6.68691 202.5
9 6.68691 247.5
10 6.68691 292.5
11 6.68691 337.5
12 10.0375 15
13 10.0375 45
14 10.0375 75
15 10.0375 105
16 10.0375 135
17 10.0375 165
18 10.0375 195
19 10.0375 225
20 10.0375 255
21 10.0375 285
22 10.0375 315
23 10.0375 345
24 13.3967 11.25
25 13.3967 33.75
26 13.3967 56.25
27 13.3967 78.75
28 13.3967 101.25
29 13.3967 123.75
30 13.3967 146.25
31 13.3967 168.75
32 13.3967 191.25
33 13.3967 213.75
34 13.3967 236.25
35 13.3967 258.75
36 13.3967 281.25
37 13.3967 303.75
38 13.3967 326.25
39 13.3967 348.75
40 16.7676 9
41 16.7676 27
42 16.7676 45
43 16.7676 63
44 16.7676 81
45 16.7676 99
46 16.7676 117
47 16.7676 135
48 16.7676 153
49 16.7676 171
50 16.7676 189
51 16.7676 207
52 16.7676 225
53 16.7676 243
54 16.7676 261
55 16.7676 279
56 16.7676 297
57 16.7676 315
58 16.7676 333
59 16.7676 351
60 20.1531 7.5
61 20.1531 22.5
62 20.1531 37.5
63 20.1531 52.5
64 20.1531 67.5
65 20.1531 82.5
66 20.1531 97.5
67 20.1531 112.5
68 20.1531 127.5
69 20.1531 142.5
70 20.1531 157.5
71 20.1531 172.5
72 20.1531 187.5
73 20.1531 202.5
74 20.1531 217.5
75 20.1531 232.5
76 20.1531 247.5
77 20.1531 262.5
78 20.1531 277.5
79 20.1531 292.5
80 20.1531 307.5
81 20.1531 322.5
82 20.1531 337.5
83 20.1531 352.5
84 23.5565 6.42857
85 23.5565 19.2857
86 23.5565 32.1429
87 23.5565 45
88 23.5565 57.8571
89 23.5565 70.7143
90 23.5565 83.5714
91 23.5565 96.4286
92 23.5565 109.286
93 23.5565 122.143
94 23.5565 135
95 23.5565 147.857
96 23.5565 160.714
97 23.5565 173.571
98 23.5565 186.429
99 23.5565 199.286
100 23.5565 212.143
101 23.5565 225
102 23.5565 237.857
103 23.5565 250.714
104 23.5565 263.571
105 23.5565 276.429
106 23.5565 289.286
107 23.5565 302.143
108 23.5565 315
109 23.5565 327.857
110 23.5565 340.714
111 23.5565 353.571
112 26.9811 5.625
113 26.9811 16.875
114 26.9811 28.125
115 26.9811 39.375
116 26.9811 50.625
117 26.9811 61.875
118 26.9811 73.125
119 26.9811 84.375
120 26.9811 95.625
121 26.9811 106.875
122 26.9811 118.125
123 26.9811 129.375
124 26.9811 140.625
125 26.9811 151.875
126 26.9811 163.125
127 26.9811 174.375
128 26.9811 185.625
129 26.9811 196.875
130 26.9811 208.125
131 26.9811 219.375
132 26.9811 230.625
133 26.9811 241.875
134 26.9811 253.125
135 26.9811 264.375
136 26.9811 275.625
137 26.9811 286.875
138 26.9811 298.125
139 26.9811 309.375
140 26.9811 320.625
141 26.9811 331.875
142 26.9811 343.125
143 26.9811 354.375
144 30.4304 5
145 30.4304 15
146 30.4304 25
147 30.4304 35
148 30.4304 45
149 30.4304 55
150 30.4304 65
151 30.4304 75
152 30.4304 85
153 30.4304 95
154 30.4304 105
155 30.4304 115
156 30.4304 125
157 30.4304 135
158 30.4304 145
159 30.4304 155
160 30.4304 165
161 30.4304 175
162 30.4304 185
163 30.4304 195
164 30.4304 205
165 30.4304 215
166 30.4304 225
167 30.4304 235
168 30.4304 245
169 30.4304 255
170 30.4304 265
171 30.4304 275
172 30.4304 285
173 30.4304 295
174 30.4304 305
175 30.4304 315
176 30.4304 325
177 30.4304 335
178 30.4304 345
179 30.4304 355
180 33.9082 4.5
181 33.9082 13.5
182 33.9082 22.5
183 33.9082 31.5
184 33.9082 40.5
185 33.9082 49.5
186 33.9082 58.5
187 33.9082 67.5
188 33.9082 76.5
189 33.9082 85.5
190 33.9082 94.5
191 33.9082 103.5
192 33.9082 112.5
193 33.9082 121.5
194 33.9082 130.5
195 33.9082 139.5
196 33.9082 148.5
197 33.9082 157.5
198 33.9082 166.5
199 33.9082 175.5
200 33.9082 184.5
201 33.9082 193.5
202 33.9082 202.5
203 33.9082 211.5
204 33.9082 220.5
205 33.9082 229.5
206 33.9082 238.5
207 33.9082 247.5
208 33.9082 256.5
209 33.9082 265.5
210 33.9082 274.5
211 33.9082 283.5
212 33.9082 292.5
213 33.9082 301.5
214 33.9082 310.5
215 33.9082 319.5
216 33.9082 328.5
217 33.9082 337.5
218 33.9082 346.5
219 33.9082 355.5
220 37.4186 4.09091
221 37.4186 12.2727
222 37.4186 20.4545
223 37.4186 28.6364
224 37.4186 36.8182
225 37.4186 45
226 37.4186 53.1818
227 37.4186 61.3636
228 37.4186 69.5455
229 37.4186 77.7273
230 37.4186 85.9091
231 37.4186 94.0909
232 37.4186 102.273
233 37.4186 110.455
234 37.4186 118.636
235 37.4186 126.818
236 37.4186 135
237 37.4186 143.182
238 37.4186 151.364
239 37.4186 159.545
240 37.4186 167.727
241 37.4186 175.909
242 37.4186 184.091
243 37.4186 192.273
244 37.4186 200.455
245 37.4186 208.636
246 37.4186 216.818
247 37.4186 225
248 37.4186 233.182
249 37.4186 241.364
250 37.4186 249.545
251 37.4186 257.727
252 37.4186 265.909
253 37.4186 274.091
254 37.4186 282.273
255 37.4186 290.455
256 37.4186 298.636
257 37.4186 306.818
258 37.4186 315
259 37.4186 323.182
260 37.4186 331.364
261 37.4186 339.545
262 37.4186 347.727
263 37.4186 355.909
264 40.9657 3.75
265 40.9657 11.25
266 40.9657 18.75
267 40.9657 26.25
268 40.9657 33.75
269 40.9657 41.25
270 40.9657 48.75
271 40.9657 56.25
272 40.9657 63.75
273 40.9657 71.25
274 40.9657 78.75
275 40.9657 86.25
276 40.9657 93.75
277 40.9657 101.25
278 40.9657 108.75
279 40.9657 116.25
280 40.9657 123.75
281 40.9657 131.25
282 40.9657 138.75
283 40.9657 146.25
284 40.9657 153.75
285 40.9657 161.25
286 40.9657 168.75
287 40.9657 176.25
288 40.9657 183.75
289 40.9657 191.25
290 40.9657 198.75
291 40.9657 206.25
292 40.9657 213.75
293 40.9657 221.25
294 40.9657 228.75
295 40.9657 236.25
296 40.9657 243.75
297 40.9657 251.25
298 40.9657 258.75
299 40.9657 266.25
300 40.9657 273.75
301 40.9657 281.25
302 40.9657 288.75
303 40.9657 296.25
304 40.9657 303.75
305 40.9657 311.25
306 40.9657 318.75
307 40.9657 326.25
308 40.9657 333.75
309 40.9657 341.25
310 40.9657 348.75
311 40.9657 356.25
312 44.5544 3.46154
313 44.5544 10.3846
314 44.5544 17.3077
315 44.5544 24.2308
316 44.5544 31.1538
317 44.5544 38.0769
318 44.5544 45
319 44.5544 51.9231
320 44.5544 58.8462
321 44.5544 65.7692
322 44.5544 72.6923
323 44.5544 79.6154
324 44.5544 86.5385
325 44.5544 93.4615
326 44.5544 100.385
327 44.5544 107.308
328 44.5544 114.231
329 44.5544 121.154
330 44.5544 128.077
331 44.5544 135
332 44.5544 141.923
333 44.5544 148.846
334 44.5544 155.769
335 44.5544 162.692
336 44.5544 169.615
337 44.5544 176.538
338 44.5544 183.462
339 44.5544 190.385
340 44.5544 197.308
341 44.5544 204.231
342 44.5544 211.154
343 44.5544 218.077
344 44.5544 225
345 44.5544 231.923
346 44.5544 238.846
347 44.5544 245.769
348 44.5544 252.692
349 44.5544 259.615
350 44.5544 266.538
351 44.5544 273.462
352 44.5544 280.385
353 44.5544 287.308
354 44.5544 294.231
355 44.5544 301.154
356 44.5544 308.077
357 44.5544 315
358 44.5544 321.923
359 44.5544 328.846
360 44.5544 335.769
361 44.5544 342.692
362 44.5544 349.615
363 44.5544 356.538
364 48.1897 3.21429
365 48.1897 9.64286
366 48.1897 16.0714
367 48.1897 22.5
368 48.1897 28.9286
369 48.1897 35.3571
370 48.1897 41.7857
371 48.1897 48.2143
372 48.1897 54.6429
373 48.1897 61.0714
374 48.1897 67.5
375 48.1897 73.9286
376 48.1897 80.3571
377 48.1897 86.7857
378 48.1897 93.2143
379 48.1897 99.6429
380 48.1897 106.071
381 48.1897 112.5
382 48.1897 118.929
383 48.1897 125.357
384 48.1897 131.786
385 48.1897 138.214
386 48.1897 144.643
387 48.1897 151.071
388 48.1897 157.5
389 48.1897 163.929
390 48.1897 170.357
391 48.1897 176.786
392 48.1897 183.214
393 48.1897 189.643
394 48.1897 196.071
395 48.1897 202.5
396 48.1897 208.929
397 48.1897 215.357
398 48.1897 221.786
399 48.1897 228.214
400 48.1897 234.643
401 48.1897 241.071
402 48.1897 247.5
403 48.1897 253.929
404 48.1897 260.357
405 48.1897 266.786
406 48.1897 273.214
407 48.1897 279.643
408 48.1897 286.071
409 48.1897 292.5
410 48.1897 298.929
411 48.1897 305.357
412 48.1897 311.786
413 48.1897 318.214
414 48.1897 324.643
415 48.1897 331.071
416 48.1897 337.5
417 48.1897 343.929
418 48.1897 350.357
419 48.1897 356.786
420 51.7534 0
421 51.7534 6.42857
422 51.7534 12.8571
423 51.7534 19.2857
424 51.7534 25.7143
425 51.7534 32.1429
426 51.7534 38.5714
427 51.7534 45
428 51.7534 51.4286
429 51.7534 57.8571
430 51.7534 64.2857
431 51.7534 70.7143
432 51.7534 77.1429
433 51.7534 83.5714
434 51.7534 90
435 51.7534 96.4286
436 51.7534 102.857
437 51.7534 109.286
438 51.7534 115.714
439 51.7534 122.143
440 51.7534 128.571
441 51.7534 135
442 51.7534 141.429
443 51.7534 147.857
444 51.7534 154.286
445 51.7534 160.714
446 51.7534 167.143
447 51.7534 173.571
448 51.7534 180
449 51.7534 186.429
450 51.7534 192.857
451 51.7534 199.286
452 51.7534 205.714
453 51.7534 212.143
454 51.7534 218.571
455 51.7534 225
456 51.7534 231.429
457 51.7534 237.857
458 51.7534 244.286
459 51.7534 250.714
460 51.7534 257.143
461 51.7534 263.571
462 51.7534 270
463 51.7534 276.429
464 51.7534 282.857
465 51.7534 289.286
466 51.7534 295.714
467 51.7534 302.143
468 51.7534 308.571
469 51.7534 315
470 51.7534 321.429
471 51.7534 327.857
472 51.7534 334.286
473 51.7534 340.714
474 51.7534 347.143
475 51.7534 353.571
476 55.1501 3.21429
477 55.1501 9.64286
478 55.1501 16.0714
479 55.1501 22.5
480 55.1501 28.9286
481 55.1501 35.3571
482 55.1501 41.7857
483 55.1501 48.2143
484 55.1501 54.6429
485 55.1501 61.0714
486 55.1501 67.5
487 55.1501 73.9286
488 55.1501 80.3571
489 55.1501 86.7857
490 55.1501 93.2143
491 55.1501 99.6429
492 55.1501 106.071
493 55.1501 112.5
494 55.1501 118.929
495 55.1501 125.357
496 55.1501 131.786
497 55.1501 138.214
498 55.1501 144.643
499 55.1501 151.071
500 55.1501 157.5
501 55.1501 163.929
502 55.1501 170.357
503 55.1501 176.786
504 55.1501 183.214
505 55.1501 189.643
506 55.1501 196.071
507 55.1501 202.5
508 55.1501 208.929
509 55.1501 215.357
510 55.1501 221.786
511 55.1501 228.214
512 55.1501 234.643
513 55.1501 241.071
514 55.1501 247.5
515 55.1501 253.929
516 55.1501 260.357
517 55.1501 266.786
518 55.1501 273.214
519 55.1501 279.643
520 55.1501 286.071
521 55.1501 292.5
522 55.1501 298.929
523 55.1501 305.357
524 55.1501 311.786
525 55.1501 318.214
526 55.1501 324.643
527 55.1501 331.071
528 55.1501 337.5
529 55.1501 343.929
530 55.1501 350.357
531 55.1501 356.786
532 58.4119 0
533 58.4119 6.42857
534 58.4119 12.8571
535 58.4119 19.2857
536 58.4119 25.7143
537 58.4119 32.1429
538 58.4119 38.5714
539 58.4119 45
540 58.4119 51.4286
541 58.4119 57.8571
542 58.4119 64.2857
543 58.4119 70.7143
544 58.4119 77.1429
545 58.4119 83.5714
546 58.4119 90
547 58.4119 96.4286
548 58.4119 102.857
549 58.4119 109.286
550 58.4119 115.714
551 58.4119 122.143
552 58.4119 128.571
553 58.4119 135
554 58.4119 141.429
555 58.4119 147.857
556 58.4119 154.286
557 58.4119 160.714
558 58.4119 167.143
559 58.4119 173.571
560 58.4119 180
561 58.4119 186.429
562 58.4119 192.857
563 58.4119 199.286
564 58.4119 205.714
565 58.4119 212.143
566 58.4119 218.571
567 58.4119 225
568 58.4119 231.429
569 58.4119 237.857
570 58.4119 244.286
571 58.4119 250.714
572 58.4119 257.143
573 58.4119 263.571
574 58.4119 270
575 58.4119 276.429
576 58.4119 282.857
577 58.4119 289.286
578 58.4119 295.714
579 58.4119 302.143
580 58.4119 308.571
581 58.4119 315
582 58.4119 321.429
583 58.4119 327.857
584 58.4119 334.286
585 58.4119 340.714
586 58.4119 347.143
587 58.4119 353.571
588 61.5631 3.21429
589 61.5631 9.64286
590 61.5631 16.0714
591 61.5631 22.5
592 61.5631 28.9286
593 61.5631 35.3571
594 61.5631 41.7857
595 61.5631 48.2143
596 61.5631 54.6429
597 61.5631 61.0714
598 61.5631 67.5
599 61.5631 73.9286
600 61.5631 80.3571
601 61.5631 86.7857
602 61.5631 93.2143
603 61.5631 99.6429
604 61.5631 106.071
605 61.5631 112.5
606 61.5631 118.929
607 61.5631 125.357
608 61.5631 131.786
609 61.5631 138.214
610 61.5631 144.643
611 61.5631 151.071
612 61.5631 157.5
613 61.5631 163.929
614 61.5631 170.357
615 61.5631 176.786
616 61.5631 183.214
617 61.5631 189.643
618 61.5631 196.071
619 61.5631 202.5
620 61.5631 208.929
621 61.5631 215.357
622 61.5631 221.786
623 61.5631 228.214
624 61.5631 234.643
625 61.5631 241.071
626 61.5631 247.5
627 61.5631 253.929
628 61.5631 260.357
629 61.5631 266.786
630 61.5631 273.214
631 61.5631 279.643
632 61.5631 286.071
633 61.5631 292.5
634 61.5631 298.929
635 61.5631 305.357
636 61.5631 311.786
637 61.5631 318.214
638 61.5631 324.643
639 61.5631 331.071
640 61.5631 337.5
641 61.5631 343.929
642 61.5631 350.357
643 61.5631 356.786
644 64.6231 0
645 64.6231 6.42857
646 64.6231 12.8571
647 64.6231 19.2857
648 64.6231 25.7143
649 64.6231 32.1429
650 64.6231 38.5714
651 64.6231 45
652 64.6231 51.4286
653 64.6231 57.8571
654 64.6231 64.2857
655 64.6231 70.7143
656 64.6231 77.1429
657 64.6231 83.5714
658 64.6231 90
659 64.6231 96.4286
660 64.6231 102.857
661 64.6231 109.286
662 64.6231 115.714
663 64.6231 122.143
664 64.6231 128.571
665 64.6231 135
666 64.6231 141.429
667 64.6231 147.857
668 64.6231 154.286
669 64.6231 160.714
670 64.6231 167.143
671 64.6231 173.571
672 64.6231 180
673 64.6231 186.429
674 64.6231 192.857
675 64.6231 199.286
676 64.6231 205.714
677 64.6231 212.143
678 64.6231 218.571
679 64.6231 225
680 64.6231 231.429
681 64.6231 237.857
682 64.6231 244.286
683 64.6231 250.714
684 64.6231 257.143
685 64.6231 263.571
686 64.6231 270
687 64.6231 276.429
688 64.6231 282.857
689 64.6231 289.286
690 64.6231 295.714
691 64.6231 302.143
692 64.6231 308.571
693 64.6231 315
694 64.6231 321.429
695 64.6231 327.857
696 64.6231 334.286
697 64.6231 340.714
698 64.6231 347.143
699 64.6231 353.571
700 67.6073 3.21429
701 67.6073 9.64286
702 67.6073 16.0714
703 67.6073 22.5
704 67.6073 28.9286
705 67.6073 35.3571
706 67.6073 41.7857
707 67.6073 48.2143
708 67.6073 54.6429
709 67.6073 61.0714
710 67.6073 67.5
711 67.6073 73.9286
712 67.6073 80.3571
713 67.6073 86.7857
714 67.6073 93.2143
715 67.6073 99.6429
716 67.6073 106.071
717 67.6073 112.5
718 67.6073 118.929
719 67.6073 125.357
720 67.6073 131.786
721 67.6073 138.214
722 67.6073 144.643
723 67.6073 151.071
724 67.6073 157.5
725 67.6073 163.929
726 67.6073 170.357
727 67.6073 176.786
728 67.6073 183.214
729 67.6073 189.643
730 67.6073 196.071
731 67.6073 202.5
732 67.6073 208.929
733 67.6073 215.357
734 67.6073 221.786
735 67.6073 228.214
736 67.6073 234.643
737 67.6073 241.071
738 67.6073 247.5
739 67.6073 253.929
740 67.6073 260.357
741 67.6073 266.786
742 67.6073 273.214
743 67.6073 279.643
744 67.6073 286.071
745 67.6073 292.5
746 67.6073 298.929
747 67.6073 305.357
748 67.6073 311.786
749 67.6073 318.214
750 67.6073 324.643
751 67.6073 331.071
752 67.6073 337.5
753 67.6073 343.929
754 67.6073 350.357
755 67.6073 356.786
756 70.5288 0
757 70.5288 6.42857
758 70.5288 12.8571
759 70.5288 19.2857
760 70.5288 25.7143
761 70.5288 32.1429
762 70.5288 38.5714
763 70.5288 45
764 70.5288 51.4286
765 70.5288 57.8571
766 70.5288 64.2857
767 70.5288 70.7143
768 70.5288 77.1429
769 70.5288 83.5714
770 70.5288 90
771 70.5288 96.4286
772 70.5288 102.857
773 70.5288 109.286
774 70.5288 115.714
775 70.5288 122.143
776 70.5288 128.571
777 70.5288 135
778 70.5288 141.429
779 70.5288 147.857
780 70.5288 154.286
781 70.5288 160.714
782 70.5288 167.143
783 70.5288 173.571
784 70.5288 180
785 70.5288 186.429
786 70.5288 192.857
787 70.5288 199.286
788 70.5288 205.714
789 70.5288 212.143
790 70.5288 218.571
791 70.5288 225
792 70.5288 231.429
793 70.5288 237.857
794 70.5288 244.286
795 70.5288 250.714
796 70.5288 257.143
797 70.5288 263.571
798 70.5288 270
799 70.5288 276.429
800 70.5288 282.857
801 70.5288 289.286
802 70.5288 295.714
803 70.5288 302.143
804 70.5288 308.571
805 70.5288 315
806 70.5288 321.429
807 70.5288 327.857
808 70.5288 334.286
809 70.5288 340.714
810 70.5288 347.143
811 70.5288 353.571
812 73.3985 3.21429
813 73.3985 9.64286
814 73.3985 16.0714
815 73.3985 22.5
816 73.3985 28.9286
817 73.3985 35.3571
818 73.3985 41.7857
819 73.3985 48.2143
820 73.3985 54.6429
821 73.3985 61.0714
822 73.3985 67.5
823 73.3985 73.9286
824 73.3985 80.3571
825 73.3985 86.7857
826 73.3985 93.2143
827 73.3985 99.6429
828 73.3985 106.071
829 73.3985 112.5
830 73.3985 118.929
831 73.3985 125.357
832 73.3985 131.786
833 73.3985 138.214
834 73.3985 144.643
835 73.3985 151.071
836 73.3985 157.5
837 73.3985 163.929
838 73.3985 170.357
839 73.3985 176.786
840 73.3985 183.214
841 73.3985 189.643
842 73.3985 196.071
843 73.3985 202.5
844 73.3985 208.929
845 73.3985 215.357
846 73.3985 221.786
847 73.3985 228.214
848 73.3985 234.643
849 73.3985 241.071
850 73.3985 247.5
851 73.3985 253.929
852 73.3985 260.357
853 73.3985 266.786
854 73.3985 273.214
855 73.3985 279.643
856 73.3985 286.071
857 73.3985 292.5
858 73.3985 298.929
859 73.3985 305.357
860 73.3985 311.786
861 73.3985 318.214
862 73.3985 324.643
863 73.3985 331.071
864 73.3985 337.5
865 73.3985 343.929
866 73.3985 350.357
867 73.3985 356.786
868 76.2259 0
869 76.2259 6.42857
870 76.2259 12.8571
871 76.2259 19.2857
872 76.2259 25.7143
873 76.2259 32.1429
874 76.2259 38.5714
875 76.2259 45
876 76.2259 51.4286
877 76.2259 57.8571
878 76.2259 64.2857
879 76.2259 70.7143
880 76.2259 77.1429
881 76.2259 83.5714
882 76.2259 90
883 76.2259 96.4286
884 76.2259 102.857
885 76.2259 109.286
886 76.2259 115.714
887 76.2259 122.143
888 76.2259 128.571
889 76.2259 135
890 76.2259 141.429
891 76.2259 147.857
892 76.2259 154.286
893 76.2259 160.714
894 76.2259 167.143
895 76.2259 173.571
896 76.2259 180
897 76.2259 186.429
898 76.2259 192.857
899 76.2259 199.286
900 76.2259 205.714
901 76.2259 212.143
902 76.2259 218.571
903 76.2259 225
904 76.2259 231.429
905 76.2259 237.857
906 76.2259 244.286
907 76.2259 250.714
908 76.2259 257.143
909 76.2259 263.571
910 76.2259 270
911 76.2259 276.429
912 76.2259 282.857
913 76.2259 289.286
914 76.2259 295.714
915 76.2259 302.143
916 76.2259 308.571
917 76.2259 315
918 76.2259 321.429
919 76.2259 327.857
920 76.2259 334.286
921 76.2259 340.714
922 76.2259 347.143
923 76.2259 353.571
924 79.0194 3.21429
925 79.0194 9.64286
926 79.0194 16.0714
927 79.0194 22.5
928 79.0194 28.9286
929 79.0194 35.3571
930 79.0194 41.7857
931 79.0194 48.2143
932 79.0194 54.6429
933 79.0194 61.0714
934 79.0194 67.5
935 79.0194 73.9286
936 79.0194 80.3571
937 79.0194 86.7857
938 79.0194 93.2143
939 79.0194 99.6429
940 79.0194 106.071
941 79.0194 112.5
942 79.0194 118.929
943 79.0194 125.357
944 79.0194 131.786
945 79.0194 138.214
946 79.0194 144.643
947 79.0194 151.071
948 79.0194 157.5
949 79.0194 163.929
950 79.0194 170.357
951 79.0194 176.786
952 79.0194 183.214
953 79.0194 189.643
954 79.0194 196.071
955 79.0194 202.5
956 79.0194 208.929
957 79.0194 215.357
958 79.0194 221.786
959 79.0194 228.214
960 79.0194 234.643
961 79.0194 241.071
962 79.0194 247.5
963 79.0194 253.929
964 79.0194 260.357
965 79.0194 266.786
966 79.0194 273.214
967 79.0194 279.643
968 79.0194 286.071
969 79.0194 292.5
970 79.0194 298.929
971 79.0194 305.357
972 79.0194 311.786
973 79.0194 318.214
974 79.0194 324.643
975 79.0194 331.071
976 79.0194 337.5
977 79.0194 343.929
978 79.0194 350.357
979 79.0194 356.786
980 81.7868 0
981 81.7868 6.42857
982 81.7868 12.8571
983 81.7868 19.2857
984 81.7868 25.7143
985 81.7868 32.1429
986 81.7868 38.5714
987 81.7868 45
988 81.7868 51.4286
989 81.7868 57.8571
990 81.7868 64.2857
991 81.7868 70.7143
992 81.7868 77.1429
993 81.7868 83.5714
994 81.7868 90
995 81.7868 96.4286
996 81.7868 102.857
997 81.7868 109.286
998 81.7868 115.714
999 81.7868 122.143
1000 81.7868 128.571
1001 81.7868 135
1002 81.7868 141.429
1003 81.7868 147.857
1004 81.7868 154.286
1005 81.7868 160.714
1006 81.7868 167.143
1007 81.7868 173.571
1008 81.7868 180
1009 81.7868 186.429
1010 81.7868 192.857
1011 81.7868 199.286
1012 81.7868 205.714
1013 81.7868 212.143
1014 81.7868 218.571
1015 81.7868 225
1016 81.7868 231.429
1017 81.7868 237.857
1018 81.7868 244.286
1019 81.7868 250.714
1020 81.7868 257.143
1021 81.7868 263.571
1022 81.7868 270
1023 81.7868 276.429
1024 81.7868 282.857
1025 81.7868 289.286
1026 81.7868 295.714
1027 81.7868 302.143
1028 81.7868 308.571
1029 81.7868 315
1030 81.7868 321.429
1031 81.7868 327.857
1032 81.7868 334.286
1033 81.7868 340.714
1034 81.7868 347.143
1035 81.7868 353.571
1036 84.535 3.21429
1037 84.535 9.64286
1038 84.535 16.0714
1039 84.535 22.5
1040 84.535 28.9286
1041 84.535 35.3571
1042 84.535 41.7857
1043 84.535 48.2143
1044 84.535 54.6429
1045 84.535 61.0714
1046 84.535 67.5
1047 84.535 73.9286
1048 84.535 80.3571
1049 84.535 86.7857
1050 84.535 93.2143
1051 84.535 99.6429
1052 84.535 106.071
1053 84.535 112.5
1054 84.535 118.929
1055 84.535 125.357
1056 84.535 131.786
1057 84.535 138.214
1058 84.535 144.643
1059 84.535 151.071
1060 84.535 157.5
1061 84.535 163.929
1062 84.535 170.357
1063 84.535 176.786
1064 84.535 183.214
1065 84.535 189.643
1066 84.535 196.071
1067 84.535 202.5
1068 84.535 208.929
1069 84.535 215.357
1070 84.535 221.786
1071 84.535 228.214
1072 84.535 234.643
1073 84.535 241.071
1074 84.535 247.5
1075 84.535 253.929
1076 84.535 260.357
1077 84.535 266.786
1078 84.535 273.214
1079 84.535 279.643
1080 84.535 286.071
1081 84.535 292.5
1082 84.535 298.929
1083 84.535 305.357
1084 84.535 311.786
1085 84.535 318.214
1086 84.535 324.643
1087 84.535 331.071
1088 84.535 337.5
1089 84.535 343.929
1090 84.535 350.357
1091 84.535 356.786
1092 87.2706 0
1093 87.2706 6.42857
1094 87.2706 12.8571
1095 87.2706 19.2857
1096 87.2706 25.7143
1097 87.2706 32.1429
1098 87.2706 38.5714
1099 87.2706 45
1100 87.2706 51.4286
1101 87.2706 57.8571
1102 87.2706 64.2857
1103 87.2706 70.7143
1104 87.2706 77.1429
1105 87.2706 83.5714
1106 87.2706 90
1107 87.2706 96.4286
1108 87.2706 102.857
1109 87.2706 109.286
1110 87.2706 115.714
1111 87.2706 122.143
1112 87.2706 128.571
1113 87.2706 135
1114 87.2706 141.429
1115 87.2706 147.857
1116 87.2706 154.286
1117 87.2706 160.714
1118 87.2706 167.143
1119 87.2706 173.571
1120 87.2706 180
1121 87.2706 186.429
1122 87.2706 192.857
1123 87.2706 199.286
1124 87.2706 205.714
1125 87.2706 212.143
1126 87.2706 218.571
1127 87.2706 225
1128 87.2706 231.429
1129 87.2706 237.857
1130 87.2706 244.286
1131 87.2706 250.714
1132 87.2706 257.143
1133 87.2706 263.571
1134 87.2706 270
1135 87.2706 276.429
1136 87.2706 282.857
1137 87.2706 289.286
1138 87.2706 295.714
1139 87.2706 302.143
1140 87.2706 308.571
1141 87.2706 315
1142 87.2706 321.429
1143 87.2706 327.857
1144 87.2706 334.286
1145 87.2706 340.714
1146 87.2706 347.143
1147 87.2706 353.571
1148 90 3.21429
1149 90 9.64286
1150 90 16.0714
1151 90 22.5
1152 90 28.9286
1153 90 35.3571
1154 90 41.7857
1155 90 48.2143
1156 90 54.6429
1157 90 61.0714
1158 90 67.5
1159 90 73.9286
1160 90 80.3571
1161 90 86.7857
1162 90 93.2143
1163 90 99.6429
1164 90 106.071
1165 90 112.5
1166 90 118.929
1167 90 125.357
1168 90 131.786
1169 90 138.214
1170 90 144.643
1171 90 151.071
1172 90 157.5
1173 90 163.929
1174 90 170.357
1175 90 176.786
1176 90 183.214
1177 90 189.643
1178 90 196.071
1179 90 202.5
1180 90 208.929
1181 90 215.357
1182 90 221.786
1183 90 228.214
1184 90 234.643
1185 90 241.071
1186 90 247.5
1187 90 253.929
1188 90 260.357
1189 90 266.786
1190 90 273.214
1191 90 279.643
1192 90 286.071
1193 90 292.5
1194 90 298.929
1195 90 305.357
1196 90 311.786
1197 90 318.214
1198 90 324.643
1199 90 331.071
1200 90 337.5
1201 90 343.929
1202 90 350.357
1203 90 356.786
1204 92.7294 0
1205 92.7294 6.42857
1206 92.7294 12.8571
1207 92.7294 19.2857
1208 92.7294 25.7143
1209 92.7294 32.1429
1210 92.7294 38.5714
1211 92.7294 45
1212 92.7294 51.4286
1213 92.7294 57.8571
1214 92.7294 64.2857
1215 92.7294 70.7143
1216 92.7294 77.1429
1217 92.7294 83.5714
1218 92.7294 90
1219 92.7294 96.4286
1220 92.7294 102.857
1221 92.7294 109.286
1222 92.7294 115.714
1223 92.7294 122.143
1224 92.7294 128.571
1225 92.7294 135
1226 92.7294 141.429
1227 92.7294 147.857
1228 92.7294 154.286
1229 92.7294 160.714
1230 92.7294 167.143
1231 92.7294 173.571
1232 92.7294 180
1233 92.7294 186.429
1234 92.7294 192.857
1235 92.7294 199.286
1236 92.7294 205.714
1237 92.7294 212.143
1238 92.7294 218.571
1239 92.7294 225
1240 92.7294 231.429
1241 92.7294 237.857
1242 92.7294 244.286
1243 92.7294 250.714
1244 92.7294 257.143
1245 92.7294 263.571
1246 92.7294 270
1247 92.7294 276.429
1248 92.7294 282.857
1249 92.7294 289.286
1250 92.7294 295.714
1251 92.7294 302.143
1252 92.7294 308.571
1253 92.7294 315
1254 92.7294 321.429
1255 92.7294 327.857
1256 92.7294 334.286
1257 92.7294 340.714
1258 92.7294 347.143
1259 92.7294 353.571
1260 95.465 3.21429
1261 95.465 9.64286
1262 95.465 16.0714
1263 95.465 22.5
1264 95.465 28.9286
1265 95.465 35.3571
1266 95.465 41.7857
1267 95.465 48.2143
1268 95.465 54.6429
1269 95.465 61.0714
1270 95.465 67.5
1271 95.465 73.9286
1272 95.465 80.3571
1273 95.465 86.7857
1274 95.465 93.2143
1275 95.465 99.6429
1276 95.465 106.071
1277 95.465 112.5
1278 95.465 118.929
1279 95.465 125.357
1280 95.465 131.786
1281 95.465 138.214
1282 95.465 144.643
1283 95.465 151.071
1284 95.465 157.5
1285 95.465 163.929
1286 95.465 170.357
1287 95.465 176.786
1288 95.465 183.214
1289 95.465 189.643
1290 95.465 196.071
1291 95.465 202.5
1292 95.465 208.929
1293 95.465 215.357
1294 95.465 221.786
1295 95.465 228.214
1296 95.465 234.643
1297 95.465 241.071
1298 95.465 247.5
1299 95.465 253.929
1300 95.465 260.357
1301 95.465 266.786
1302 95.465 273.214
1303 95.465 279.643
1304 95.465 286.071
1305 95.465 292.5
1306 95.465 298.929
1307 95.465 305.357
1308 95.465 311.786
1309 95.465 318.214
1310 95.465 324.643
1311 95.465 331.071
1312 95.465 337.5
1313 95.465 343.929
1314 95.465 350.357
1315 95.465 356.786
1316 98.2132 0
1317 98.2132 6.42857
1318 98.2132 12.8571
1319 98.2132 19.2857
1320 98.2132 25.7143
1321 98.2132 32.1429
1322 98.2132 38.5714
1323 98.2132 45
1324 98.2132 51.4286
1325 98.2132 57.8571
1326 98.2132 64.2857
1327 98.2132 70.7143
1328 98.2132 77.1429
1329 98.2132 83.5714
1330 98.2132 90
1331 98.2132 96.4286
1332 98.2132 102.857
1333 98.2132 109.286
1334 98.2132 115.714
1335 98.2132 122.143
1336 98.2132 128.571
1337 98.2132 135
1338 98.2132 141.429
1339 98.2132 147.857
1340 98.2132 154.286
1341 98.2132 160.714
1342 98.2132 167.143
1343 98.2132 173.571
1344 98.2132 180
1345 98.2132 186.429
1346 98.2132 192.857
1347 98.2132 199.286
1348 98.2132 205.714
1349 98.2132 212.143
1350 98.2132 218.571
1351 98.2132 225
1352 98.2132 231.429
1353 98.2132 237.857
1354 98.2132 244.286
1355 98.2132 250.714
1356 98.2132 257.143
1357 98.2132 263.571
1358 98.2132 270
1359 98.2132 276.429
1360 98.2132 282.857
1361 98.2132 289.286
1362 98.2132 295.714
1363 98.2132 302.143
1364 98.2132 308.571
1365 98.2132 315
1366 98.2132 321.429
1367 98.2132 327.857
1368 98.2132 334.286
1369 98.2132 340.714
1370 98.2132 347.143
1371 98.2132 353.571
1372 100.981 3.21429
1373 100.981 9.64286
1374 100.981 16.0714
1375 100.981 22.5
1376 100.981 28.9286
1377 100.981 35.3571
1378 100.981 41.7857
1379 100.981 48.2143
1380 100.981 54.6429
1381 100.981 61.0714
1382 100.981 67.5
1383 100.981 73.9286
1384 100.981 80.3571
1385 100.981 86.7857
1386 100.981 93.2143
1387 100.981 99.6429
1388 100.981 106.071
1389 100.981 112.5
1390 100.981 118.929
1391 100.981 125.357
1392 100.981 131.786
1393 100.981 138.214
1394 100.981 144.643
1395 100.981 151.071
1396 100.981 157.5
1397 100.981 163.929
1398 100.981 170.357
1399 100.981 176.786
1400 100.981 183.214
1401 100.981 189.643
1402 100.981 196.071
1403 100.981 202.5
1404 100.981 208.929
1405 100.981 215.357
1406 100.981 221.786
1407 100.981 228.214
1408 100.981 234.643
1409 100.981 241.071
1410 100.981 247.5
1411 100.981 253.929
1412 100.981 260.357
1413 100.981 266.786
1414 100.981 273.214
1415 100.981 279.643
1416 100.981 286.071
1417 100.981 292.5
1418 100.981 298.929
1419 100.981 305.357
1420 100.981 311.786
1421 100.981 318.214
1422 100.981 324.643
1423 100.981 331.071
1424 100.981 337.5
1425 100.981 343.929
1426 100.981 350.357
1427 100.981 356.786
1428 103.774 0
1429 103.774 6.42857
1430 103.774 12.8571
1431 103.774 19.2857
1432 103.774 25.7143
1433 103.774 32.1429
1434 103.774 38.5714
1435 103.774 45
1436 103.774 51.4286
1437 103.774 57.8571
1438 103.774 64.2857
1439 103.774 70.7143
1440 103.774 77.1429
1441 103.774 83.5714
1442 103.774 90
1443 103.774 96.4286
1444 103.774 102.857
1445 103.774 109.286
1446 103.774 115.714
1447 103.774 122.143
1448 103.774 128.571
1449 103.774 135
1450 103.774 141.429
1451 103.774 147.857
1452 103.774 154.286
1453 103.774 160.714
1454 103.774 167.143
1455 103.774 173.571
1456 103.774 180
1457 103.774 186.429
1458 103.774 192.857
1459 103.774 199.286
1460 103.774 205.714
1461 103.774 212.143
1462 103.774 218.571
1463 103.774 225
1464 103.774 231.429
1465 103.774 237.857
1466 103.774 244.286
1467 103.774 250.714
1468 103.774 257.143
1469 103.774 263.571
1470 103.774 270
1471 103.774 276.429
1472 103.774 282.857
1473 103.774 289.286
1474 103.774 295.714
1475 103.774 302.143
1476 103.774 308.571
1477 103.774 315
1478 103.774 321.429
1479 103.774 327.857
1480 103.774 334.286
1481 103.774 340.714
1482 103.774 347.143
1483 103.774 353.571
1484 106.602 3.21429
1485 106.602 9.64286
1486 106.602 16.0714
1487 106.602 22.5
1488 106.602 28.9286
1489 106.602 35.3571
1490 106.602 41.7857
1491 106.602 48.2143
1492 106.602 54.6429
1493 106.602 61.0714
1494 106.602 67.5
1495 106.602 73.9286
1496 106.602 80.3571
1497 106.602 86.7857
1498 106.602 93.2143
1499 106.602 99.6429
1500 106.602 106.071
1501 106.602 112.5
1502 106.602 118.929
1503 106.602 125.357
1504 106.602 131.786
1505 106.602 138.214
1506 106.602 144.643
1507 106.602 151.071
1508 106.602 157.5
1509 106.602 163.929
1510 106.602 170.357
1511 106.602 176.786
1512 106.602 183.214
1513 106.602 189.643
1514 106.602 196.071
1515 106.602 202.5
1516 106.602 208.929
1517 106.602 215.357
1518 106.602 221.786
1519 106.602 228.214
1520 106.602 234.643
1521 106.602 241.071
1522 106.602 247.5
1523 106.602 253.929
1524 106.602 260.357
1525 106.602 266.786
1526 106.602 273.214
1527 106.602 279.643
1528 106.602 286.071
1529 106.602 292.5
1530 106.602 298.929
1531 106.602 305.357
1532 106.602 311.786
1533 106.602 318.214
1534 106.602 324.643
1535 106.602 331.071
1536 106.602 337.5
1537 106.602 343.929
1538 106.602 350.357
1539 106.602 356.786
1540 109.471 0
1541 109.471 6.42857
1542 109.471 12.8571
1543 109.471 19.2857
1544 109.471 25.7143
1545 109.471 32.1429
1546 109.471 38.5714
1547 109.471 45
1548 109.471 51.4286
1549 109.471 57.8571
1550 109.471 64.2857
1551 109.471 70.7143
1552 109.471 77.1429
1553 109.471 83.5714
1554 109.471 90
1555 109.471 96.4286
1556 109.471 102.857
1557 109.471 109.286
1558 109.471 115.714
1559 109.471 122.143
1560 109.471 128.571
1561 109.471 135
1562 109.471 141.429
1563 109.471 147.857
1564 109.471 154.286
1565 109.471 160.714
1566 109.471 167.143
1567 109.471 173.571
1568 109.471 180
1569 109.471 186.429
1570 109.471 192.857
1571 109.471 199.286
1572 109.471 205.714
1573 109.471 212.143
1574 109.471 218.571
1575 109.471 225
1576 109.471 231.429
1577 109.471 237.857
1578 109.471 244.286
1579 109.471 250.714
1580 109.471 257.143
1581 109.471 263.571
1582 109.471 270
1583 109.471 276.429
1584 109.471 282.857
1585 109.471 289.286
1586 109.471 295.714
1587 109.471 302.143
1588 109.471 308.571
1589 109.471 315
1590 109.471 321.429
1591 109.471 327.857
1592 109.471 334.286
1593 109.471 340.714
1594 109.471 347.143
1595 109.471 353.571
1596 112.393 3.21429
1597 112.393 9.64286
1598 112.393 16.0714
1599 112.393 22.5
1600 112.393 28.9286
1601 112.393 35.3571
1602 112.393 41.7857
1603 112.393 48.2143
1604 112.393 54.6429
1605 112.393 61.0714
1606 112.393 67.5
1607 112.393 73.9286
1608 112.393 80.3571
1609 112.393 86.7857
1610 112.393 93.2143
1611 112.393 99.6429
1612 112.393 106.071
1613 112.393 112.5
1614 112.393 118.929
1615 112.393 125.357
1616 112.393 131.786
1617 112.393 138.214
1618 112.393 144.643
1619 112.393 151.071
1620 112.393 157.5
1621 112.393 163.929
1622 112.393 170.357
1623 112.393 176.786
1624 112.393 183.214
1625 112.393 189.643
1626 112.393 196.071
1627 112.393 202.5
1628 112.393 208.929
1629 112.393 215.357
1630 112.393 221.786
1631 112.393 228.214
1632 112.393 234.643
1633 112.393 241.071
1634 112.393 247.5
1635 112.393 253.929
1636 112.393 260.357
1637 112.393 266.786
1638 112.393 273.214
1639 112.393 279.643
1640 112.393 286.071
1641 112.393 292.5
1642 112.393 298.929
1643 112.393 305.357
1644 112.393 311.786
1645 112.393 318.214
1646 112.393 324.643
1647 112.393 331.071
1648 112.393 337.5
1649 112.393 343.929
1650 112.393 350.357
1651 112.393 356.786
1652 115.377 0
1653 115.377 6.42857
1654 115.377 12.8571
1655 115.377 19.2857
1656 115.377 25.7143
1657 115.377 32.1429
1658 115.377 38.5714
1659 115.377 45
1660 115.377 51.4286
1661 115.377 57.8571
1662 115.377 64.2857
1663 115.377 70.7143
1664 115.377 77.1429
1665 115.377 83.5714
1666 115.377 90
1667 115.377 96.4286
1668 115.377 102.857
1669 115.377 109.286
1670 115.377 115.714
1671 115.377 122.143
1672 115.377 128.571
1673 115.377 135
1674 115.377 141.429
1675 115.377 147.857
1676 115.377 154.286
1677 115.377 160.714
1678 115.377 167.143
1679 115.377 173.571
1680 115.377 180
1681 115.377 186.429
1682 115.377 192.857
1683 115.377 199.286
1684 115.377 205.714
1685 115.377 212.143
1686 115.377 218.571
1687 115.377 225
1688 115.377 231.429
1689 115.377 237.857
1690 115.377 244.286
1691 115.377 250.714
1692 115.377 257.143
1693 115.377 263.571
1694 115.377 270
1695 115.377 276.429
1696 115.377 282.857
1697 115.377 289.286
1698 115.377 295.714
1699 115.377 302.143
1700 115.377 308.571
1701 115.377 315
1702 115.377 321.429
1703 115.377 327.857
1704 115.377 334.286
1705 115.377 340.714
1706 115.377 347.143
1707 115.377 353.571
1708 118.437 3.21429
1709 118.437 9.64286
1710 118.437 16.0714
1711 118.437 22.5
1712 118.437 28.9286
1713 118.437 35.3571
1714 118.437 41.7857
1715 118.437 48.2143
1716 118.437 54.6429
1717 118.437 61.0714
1718 118.437 67.5
1719 118.437 73.9286
1720 118.437 80.3571
1721 118.437 86.7857
1722 118.437 93.2143
1723 118.437 99.6429
1724 118.437 106.071
1725 118.437 112.5
1726 118.437 118.929
1727 118.437 125.357
1728 118.437 131.786
1729 118.437 138.214
1730 118.437 144.643
1731 118.437 151.071
1732 118.437 157.5
1733 118.437 163.929
1734 118.437 170.357
1735 118.437 176.786
1736 118.437 183.214
1737 118.437 189.643
1738 118.437 196.071
1739 118.437 202.5
1740 118.437 208.929
1741 118.437 215.357
1742 118.437 221.786
1743 118.437 228.214
1744 118.437 234.643
1745 118.437 241.071
1746 118.437 247.5
1747 118.437 253.929
1748 118.437 260.357
1749 118.437 266.786
1750 118.437 273.214
1751 118.437 279.643
1752 118.437 286.071
1753 118.437 292.5
1754 118.437 298.929
1755 118.437 305.357
1756 118.437 311.786
1757 118.437 318.214
1758 118.437 324.643
1759 118.437 331.071
1760 118.437 337.5
1761 118.437 343.929
1762 118.437 350.357
1763 118.437 356.786
1764 121.588 0
1765 121.588 6.42857
1766 121.588 12.8571
1767 121.588 19.2857
1768 121.588 25.7143
1769 121.588 32.1429
1770 121.588 38.5714
1771 121.588 45
1772 121.588 51.4286
1773 121.588 57.8571
1774 121.588 64.2857
1775 121.588 70.7143
1776 121.588 77.1429
1777 121.588 83.5714
1778 121.588 90
1779 121.588 96.4286
1780 121.588 102.857
1781 121.588 109.286
1782 121.588 115.714
1783 121.588 122.143
1784 121.588 128.571
1785 121.588 135
1786 121.588 141.429
1787 121.588 147.857
1788 121.588 154.286
1789 121.588 160.714
1790 121.588 167.143
1791 121.588 173.571
1792 121.588 180
1793 121.588 186.429
1794 121.588 192.857
1795 121.588 199.286
1796 121.588 205.714
1797 121.588 212.143
1798 121.588 218.571
1799 121.588 225
1800 121.588 231.429
1801 121.588 237.857
1802 121.588 244.286
1803 121.588 250.714
1804 121.588 257.143
1805 121.588 263.571
1806 121.588 270
1807 121.588 276.429
1808 121.588 282.857
1809 121.588 289.286
1810 121.588 295.714
1811 121.588 302.143
1812 121.588 308.571
1813 121.588 315
1814 121.588 321.429
1815 121.588 327.857
1816 121.588 334.286
1817 121.588 340.714
1818 121.588 347.143
1819 121.588 353.571
1820 124.85 3.21429
1821 124.85 9.64286
1822 124.85 16.0714
1823 124.85 22.5
1824 124.85 28.9286
1825 124.85 35.3571
1826 124.85 41.7857
1827 124.85 48.2143
1828 124.85 54.6429
1829 124.85 61.0714
1830 124.85 67.5
1831 124.85 73.9286
1832 124.85 80.3571
1833 124.85 86.7857
1834 124.85 93.2143
1835 124.85 99.6429
1836 124.85 106.071
1837 124.85 112.5
1838 124.85 118.929
1839 124.85 125.357
1840 124.85 131.786
1841 124.85 138.214
1842 124.85 144.643
1843 124.85 151.071
1844 124.85 157.5
1845 124.85 163.929
1846 124.85 170.357
1847 124.85 176.786
1848 124.85 183.214
1849 124.85 189.643
1850 124.85 196.071
1851 124.85 202.5
1852 124.85 208.929
1853 124.85 215.357
1854 124.85 221.786
1855 124.85 228.214
1856 124.85 234.643
1857 124.85 241.071
1858 124.85 247.5
1859 124.85 253.929
1860 124.85 260.357
1861 124.85 266.786
1862 124.85 273.214
1863 124.85 279.643
1864 124.85 286.071
1865 124.85 292.5
1866 124.85 298.929
1867 124.85 305.357
1868 124.85 311.786
1869 124.85 318.214
1870 124.85 324.643
1871 124.85 331.071
1872 124.85 337.5
1873 124.85 343.929
1874 124.85 350.357
1875 124.85 356.786
1876 128.247 0
1877 128.247 6.42857
1878 128.247 12.8571
1879 128.247 19.2857
1880 128.247 25.7143
1881 128.247 32.1429
1882 128.247 38.5714
1883 128.247 45
1884 128.247 51.4286
1885 128.247 57.8571
1886 128.247 64.2857
1887 128.247 70.7143
1888 128.247 77.1429
1889 128.247 83.5714
1890 128.247 90
1891 128.247 96.4286
1892 128.247 102.857
1893 128.247 109.286
1894 128.247 115.714
1895 128.247 122.143
1896 128.247 128.571
1897 128.247 135
1898 128.247 141.429
1899 128.247 147.857
1900 128.247 154.286
1901 128.247 160.714
1902 128.247 167.143
1903 128.247 173.571
1904 128.247 180
1905 128.247 186.429
1906 128.247 192.857
1907 128.247 199.286
1908 128.247 205.714
1909 128.247 212.143
1910 128.247 218.571
1911 128.247 225
1912 128.247 231.429
1913 128.247 237.857
1914 128.247 244.286
1915 128.247 250.714
1916 128.247 257.143
1917 128.247 263.571
1918 128.247 270
1919 128.247 276.429
1920 128.247 282.857
1921 128.247 289.286
1922 128.247 295.714
1923 128.247 302.143
1924 128.247 308.571
1925 128.247 315
1926 128.247 321.429
1927 128.247 327.857
1928 128.247 334.286
1929 128.247 340.714
1930 128.247 347.143
1931 128.247 353.571
1932 131.81 3.21429
1933 131.81 9.64286
1934 131.81 16.0714
1935 131.81 22.5
1936 131.81 28.9286
1937 131.81 35.3571
1938 131.81 41.7857
1939 131.81 48.2143
1940 131.81 54.6429
1941 131.81 61.0714
1942 131.81 67.5
1943 131.81 73.9286
1944 131.81 80.3571
1945 131.81 86.7857
1946 131.81 93.2143
1947 131.81 99.6429
1948 131.81 106.071
1949 131.81 112.5
1950 131.81 118.929
1951 131.81 125.357
1952 131.81 131.786
1953 131.81 138.214
1954 131.81 144.643
1955 131.81 151.071
1956 131.81 157.5
1957 131.81 163.929
1958 131.81 170.357
1959 131.81 176.786
1960 131.81 183.214
1961 131.81 189.643
1962 131.81 196.071
1963 131.81 202.5
1964 131.81 208.929
1965 131.81 215.357
1966 131.81 221.786
1967 131.81 228.214
1968 131.81 234.643
1969 131.81 241.071
1970 131.81 247.5
1971 131.81 253.929
1972 131.81 260.357
1973 131.81 266.786
1974 131.81 273.214
1975 131.81 279.643
1976 131.81 286.071
1977 131.81 292.5
1978 131.81 298.929
1979 131.81 305.357
1980 131.81 311.786
1981 131.81 318.214
1982 131.81 324.643
1983 131.81 331.071
1984 131.81 337.5
1985 131.81 343.929
1986 131.81 350.357
1987 131.81 356.786
1988 135.446 3.46154
1989 135.446 10.3846
1990 135.446 17.3077
1991 135.446 24.2308
1992 135.446 31.1538
1993 135.446 38.0769
1994 135.446 45
1995 135.446 51.9231
1996 135.446 58.8462
1997 135.446 65.7692
1998 135.446 72.6923
1999 135.446 79.6154
2000 135.446 86.5385
2001 135.446 93.4615
2002 135.446 100.385
2003 135.446 107.308
2004 135.446 114.231
2005 135.446 121.154
2006 135.446 128.077
2007 135.446 135
2008 135.446 141.923
2009 135.446 148.846
2010 135.446 155.769
2011 135.446 162.692
2012 135.446 169.615
2013 135.446 176.538
2014 135.446 183.462
2015 135.446 190.385
2016 135.446 197.308
2017 135.446 204.231
2018 135.446 211.154
2019 135.446 218.077
2020 135.446 225
2021 135.446 231.923
2022 135.446 238.846
2023 135.446 245.769
2024 135.446 252.692
2025 135.446 259.615
2026 135.446 266.538
2027 135.446 273.462
2028 135.446 280.385
2029 135.446 287.308
2030 135.446 294.231
2031 135.446 301.154
2032 135.446 308.077
2033 135.446 315
2034 135.446 321.923
2035 135.446 328.846
2036 135.446 335.769
2037 135.446 342.692
2038 135.446 349.615
2039 135.446 356.538
2040 139.034 3.75
2041 139.034 11.25
2042 139.034 18.75
2043 139.034 26.25
2044 139.034 33.75
2045 139.034 41.25
2046 139.034 48.75
2047 139.034 56.25
2048 139.034 63.75
2049 139.034 71.25
2050 139.034 78.75
2051 139.034 86.25
2052 139.034 93.75
2053 139.034 101.25
2054 139.034 108.75
2055 139.034 116.25
2056 139.034 123.75
2057 139.034 131.25
2058 139.034 138.75
2059 139.034 146.25
2060 139.034 153.75
2061 139.034 161.25
2062 139.034 168.75
2063 139.034 176.25
2064 139.034 183.75
2065 139.034 191.25
2066 139.034 198.75
2067 139.034 206.25
2068 139.034 213.75
2069 139.034 221.25
2070 139.034 228.75
2071 139.034 236.25
2072 139.034 243.75
2073 139.034 251.25
2074 139.034 258.75
2075 139.034 266.25
2076 139.034 273.75
2077 139.034 281.25
2078 139.034 288.75
2079 139.034 296.25
2080 139.034 303.75
2081 139.034 311.25
2082 139.034 318.75
2083 139.034 326.25
2084 139.034 333.75
2085 139.034 341.25
2086 139.034 348.75
2087 139.034 356.25
2088 142.581 4.09091
2089 142.581 12.2727
2090 142.581 20.4545
2091 142.581 28.6364
2092 142.581 36.8182
2093 142.581 45
2094 142.581 53.1818
2095 142.581 61.3636
2096 142.581 69.5455
2097 142.581 77.7273
2098 142.581 85.9091
2099 142.581 94.0909
2100 142.581 102.273
2101 142.581 110.455
2102 142.581 118.636
2103 142.581 126.818
2104 142.581 135
2105 142.581 143.182
2106 142.581 151.364
2107 142.581 159.545
2108 142.581 167.727
2109 142.581 175.909
2110 142.581 184.091
2111 142.581 192.273
2112 142.581 200.455
2113 142.581 208.636
2114 142.581 216.818
2115 142.581 225
2116 142.581 233.182
2117 142.581 241.364
2118 142.581 249.545
2119 142.581 257.727
2120 142.581 265.909
2121 142.581 274.091
2122 142.581 282.273
2123 142.581 290.455
2124 142.581 298.636
2125 142.581 306.818
2126 142.581 315
2127 142.581 323.182
2128 142.581 331.364
2129 142.581 339.545
2130 142.581 347.727
2131 142.581 355.909
2132 146.092 4.5
2133 146.092 13.5
2134 146.092 22.5
2135 146.092 31.5
2136 146.092 40.5
2137 146.092 49.5
2138 146.092 58.5
2139 146.092 67.5
2140 146.092 76.5
2141 146.092 85.5
2142 146.092 94.5
2143 146.092 103.5
2144 146.092 112.5
2145 146.092 121.5
2146 146.092 130.5
2147 146.092 139.5
2148 146.092 148.5
2149 146.092 157.5
2150 146.092 166.5
2151 146.092 175.5
2152 146.092 184.5
2153 146.092 193.5
2154 146.092 202.5
2155 146.092 211.5
2156 146.092 220.5
2157 146.092 229.5
2158 146.092 238.5
2159 146.092 247.5
2160 146.092 256.5
2161 146.092 265.5
2162 146.092 274.5
2163 146.092 283.5
2164 146.092 292.5
2165 146.092 301.5
2166 146.092 310.5
2167 146.092 319.5
2168 146.092 328.5
2169 146.092 337.5
2170 146.092 346.5
2171 146.092 355.5
2172 149.57 5
2173 149.57 15
2174 149.57 25
2175 149.57 35
2176 149.57 45
2177 149.57 55
2178 149.57 65
2179 149.57 75
2180 149.57 85
2181 149.57 95
2182 149.57 105
2183 149.57 115
2184 149.57 125
2185 149.57 135
2186 149.57 145
2187 149.57 155
2188 149.57 165
2189 149.57 175
2190 149.57 185
2191 149.57 195
2192 149.57 205
2193 149.57 215
2194 149.57 225
2195 149.57 235
2196 149.57 245
2197 149.57 255
2198 149.57 265
2199 149.57 275
2200 149.57 285
2201 149.57 295
2202 149.57 305
2203 149.57 315
2204 149.57 325
2205 149.57 335
2206 149.57 345
2207 149.57 355
2208 153.019 5.625
2209 153.019 16.875
2210 153.019 28.125
2211 153.019 39.375
2212 153.019 50.625
2213 153.019 61.875
2214 153.019 73.125
2215 153.019 84.375
2216 153.019 95.625
2217 153.019 106.875
2218 153.019 118.125
2219 153.019 129.375
2220 153.019 140.625
2221 153.019 151.875
2222 153.019 163.125
2223 153.019 174.375
2224 153.019 185.625
2225 153.019 196.875
2226 153.019 208.125
2227 153.019 219.375
2228 153.019 230.625
2229 153.019 241.875
2230 153.019 253.125
2231 153.019 264.375
2232 153.019 275.625
2233 153.019 286.875
2234 153.019 298.125
2235 153.019 309.375
2236 153.019 320.625
2237 153.019 331.875
2238 153.019 343.125
2239 153.019 354.375
2240 156.444 6.42857
2241 156.444 19.2857
2242 156.444 32.1429
2243 156.444 45
2244 156.444 57.8571
2245 156.444 70.7143
2246 156.444 83.5714
2247 156.444 96.4286
2248 156.444 109.286
2249 156.444 122.143
2250 156.444 135
2251 156.444 147.857
2252 156.444 160.714
2253 156.444 173.571
2254 156.444 186.429
2255 156.444 199.286
2256 156.444 212.143
2257 156.444 225
2258 156.444 237.857
2259 156.444 250.714
2260 156.444 263.571
2261 156.444 276.429
2262 156.444 289.286
2263 156.444 302.143
2264 156.444 315
2265 156.444 327.857
2266 156.444 340.714
2267 156.444 353.571
2268 159.847 7.5
2269 159.847 22.5
2270 159.847 37.5
2271 159.847 52.5
2272 159.847 67.5
2273 159.847 82.5
2274 159.847 97.5
2275 159.847 112.5
2276 159.847 127.5
2277 159.847 142.5
2278 159.847 157.5
2279 159.847 172.5
2280 159.847 187.5
2281 159.847 202.5
2282 159.847 217.5
2283 159.847 232.5
2284 159.847 247.5
2285 159.847 262.5
2286 159.847 277.5
2287 159.847 292.5
2288 159.847 307.5
2289 159.847 322.5
2290 159.847 337.5
2291 159.847 352.5
2292 163.232 9
2293 163.232 27
2294 163.232 45
2295 163.232 63
2296 163.232 81
2297 163.232 99
2298 163.232 117
2299 163.232 135
2300 163.232 153
2301 163.232 171
2302 163.232 189
2303 163.232 207
2304 163.232 225
2305 163.232 243
2306 163.232 261
2307 163.232 279
2308 163.232 297
2309 163.232 315
2310 163.232 333
2311 163.232 351
2312 166.603 11.25
2313 166.603 33.75
2314 166.603 56.25
2315 166.603 78.75
2316 166.603 101.25
2317 166.603 123.75
2318 166.603 146.25
2319 166.603 168.75
2320 166.603 191.25
2321 166.603 213.75
2322 166.603 236.25
2323 166.603 258.75
2324 166.603 281.25
2325 166.603 303.75
2326 166.603 326.25
2327 166.603 348.75
2328 169.962 15
2329 169.962 45
2330 169.962 75
2331 169.962 105
2332 169.962 135
2333 169.962 165
2334 169.962 195
2335 169.962 225
2336 169.962 255
2337 169.962 285
2338 169.962 315
2339 169.962 345
2340 173.313 22.5
2341 173.313 67.5
2342 173.313 112.5
2343 173.313 157.5
2344 173.313 202.5
2345 173.313 247.5
2346 173.313 292.5
2347 173.313 337.5
2348 176.658 45
2349 176.658 135
2350 176.658 225
2351 176.658 315
